		all, english, mandarin, portuguese
mean   1.29,    1.26,     1.28,        1.5
min	   .322,    .332,     .576,       .758
max    7.10,    7.10,     2.88,      3.631
std    .365,    .435,     .224,       .344
median 1.35,    1.25,     1.35,       1.45
25th   1.06,    .963,     1.15,       1.35
75th   1.45,    1.45,     1.44,       1.64



Threshold <- 1.30

   
